# Created by Octave 4.4.0, Wed May 09 11:13:49 2018 GMT <unknown@T7P68J49W01Q1C1>
# name: M
# type: matrix
# rows: 1
# columns: 120
 79 36 20 94 53 2 90 4 104 61 67 44 85 95 1 29 24 93 101 83 34 117 75 118 6 49 84 68 71 116 37 78 39 74 72 115 57 100 97 43 91 25 70 69 46 62 17 81 33 19 14 50 28 31 7 98 30 89 109 54 112 73 88 22 108 21 111 58 32 48 107 66 114 77 102 5 64 8 27 15 11 9 55 103 16 56 65 86 96 52 47 92 41 63 3 23 105 76 120 59 119 110 106 26 42 38 18 60 87 40 12 99 13 80 45 51 10 35 82 113


# name: N
# type: matrix
# rows: 1
# columns: 300
 163 142 114 251 173 17 224 50 159 113 214 49 191 197 244 241 259 293 132 8 76 66 72 30 271 105 177 232 233 117 26 215 58 109 4 299 294 195 59 69 145 212 146 210 257 74 14 134 268 108 120 104 23 289 156 287 92 46 124 60 155 129 101 55 5 297 140 22 179 131 256 295 262 100 276 236 48 44 103 211 111 258 182 70 223 7 110 242 225 99 148 263 139 226 229 84 53 37 298 96 75 221 261 187 255 240 266 230 151 172 275 296 15 65 149 116 277 150 95 40 136 3 112 144 260 237 106 246 90 121 88 39 238 205 24 285 45 28 20 193 243 73 228 286 25 94 291 102 21 218 213 196 126 123 254 178 165 41 1 239 217 204 170 267 164 202 175 42 185 253 33 10 147 184 51 29 137 27 157 188 300 279 189 80 35 153 11 36 2 283 152 273 265 16 220 130 176 81 252 118 231 270 93 67 9 91 167 245 206 83 32 249 288 171 199 57 77 34 207 98 85 192 280 127 38 180 216 222 128 47 6 78 284 64 201 219 208 125 278 135 190 269 183 281 68 186 141 264 282 169 160 292 18 115 86 97 107 274 79 138 133 71 250 63 13 154 181 19 54 248 174 203 122 52 290 247 234 198 119 89 227 162 272 161 56 31 143 62 209 200 12 87 168 158 166 61 82 235 43 194


